\,house_noplumbing_%,house_nokitchen_%,house_lt1939_%,house_1940to1999_%,house_2000to2014_%,median_owner_home_USD,median_sale_homes_USD,house_income_gt30_USD_%,gross_rent_%,property_val_USD,costas%income_wmgage_lt20%_%,costas%income_wmgage_20to25%_%,costas%income_wmgage_25to30%_%,costas%income_wmgage_30to35%_%,costas%income_wmgage_gt35%_%,costas%income_womgage_lt10%_%,costas%income_womgage_10to15%_%,costas%income_womgage_15to20%_%,costas%income_womgage_20to25%_%,costas%income_womgage_25to30%_%,costas%income_womgage_30to35%_%,costas%income_womgage_gt35%_%,homeless_Shelters_per_1000,moved_lastyear_%,renter_occupied_%,vacant_rentals_%,owner_homes_%,occ_lt0.5_%,occ_0.5to1.0_%,occ_1.01to1.5_%,occ_1.51to2.0_%,occ_gt2.01_%
house_noplumbing_%,1.0,0.8747377841158699,-0.051278882419500994,0.09197853528344563,-0.09247187331440627,0.05183200485748186,0.09249523702989451,0.15377368875452127,-0.008969287966218148,0.058607703992609526,0.054992097137834955,0.19944469010817922,-0.019511324421280063,0.050334075143154924,-0.1819854964443639,-0.12116018864617083,0.09455765023711968,-0.03264721177998515,-0.002544651400323503,0.10942380655218302,0.11943248155060938,-0.013423159123333368,0.06463699986501778,-0.15524129778840323,-0.11830281849884293,-0.11237415306149687,-0.09641151066614947,-0.024647684558579484,0.05523309540430899,-0.21610470076606111,0.012316546017611004,-0.0444491574607678
house_nokitchen_%,0.8747377841158699,1.0,-0.017202843919865998,0.06824200487696157,-0.12140024273636217,-0.1494903889353814,-0.08477212181648527,0.1834648517672885,0.03674958532216792,0.03958380251472004,0.18474871576411828,0.20776259775322584,0.009387712862092537,0.04650499223987039,-0.32703127651419717,-0.09156315430353192,0.16834895437305794,-0.019214436079111944,0.07696810521605096,0.06667395569800796,0.0734561116857539,-0.15185551113561815,0.050762453136477245,-0.12082915780141573,-0.007267317070802636,-0.08043668111888301,-0.009840341066963637,0.03413056032493329,-0.01075628539864425,-0.18557071226901725,-0.04594994798993853,-0.05014414457740369
house_lt1939_%,-0.051278882419500994,-0.017202843919865998,1.0,-0.9254913221712171,-0.4940329587102385,-0.1380281416248453,-0.06264752568430208,0.37034575697310984,-0.03663952578563657,-0.014431647416964975,-0.1482374808707531,-0.04437845366194894,0.012563975619974117,0.06749364052717242,0.1374400922693004,-0.11657505138597536,-0.03925754877767814,-0.04187065223752119,0.14134807306038938,0.018456447810089694,0.054734454543467016,0.1273145932235883,0.19875001462115277,-0.31318065459149413,-0.6094839083938818,-0.28077724134292914,-0.5947237422489225,-0.20144604282177445,0.16192063713318516,0.28314988334621005,0.19725120754203224,-0.10404488825090823
house_1940to1999_%,0.09197853528344563,0.06824200487696157,-0.9254913221712171,1.0,0.1312733366616118,0.09379925261509811,0.03458497109221181,-0.3189818496808915,-0.006090894876274153,-0.02798001851603095,0.1519737574277073,0.05058907486902838,-0.05081589809347616,-0.03561299445652596,-0.13887435383372446,0.059301094006751466,0.08298067372400407,0.03817711287445319,-0.09517639437534572,-0.013460528305592965,-0.05366498051847561,-0.11729573712760241,-0.1539031729033781,0.2383007819289138,0.523618595656371,0.22592450403331799,0.5073679618461968,0.18101353484333857,-0.14477503972809921,-0.2603548005072876,-0.17999200202217314,0.08820987977146319
house_2000to2014_%,-0.09247187331440627,-0.12140024273636217,-0.4940329587102385,0.1312733366616118,1.0,0.12789703722654513,0.06579566636169867,-0.24513669244286085,0.11542309943693474,0.10727321438172085,0.0370212760627475,-0.009073611117813208,0.07772915927595682,-0.08772840996329653,-0.03344139079728583,0.1816466918894359,-0.0867314857509376,0.0158471505269725,-0.1627564956929204,-0.017639864521102847,-0.015147724055731383,-0.0740194594870725,-0.17176085031401617,0.28149554332916726,0.3992939188829779,0.2306780620660084,0.395875450290558,0.11592745235559132,-0.09592328297432769,-0.14606187804090584,-0.10130002447061924,0.06891177057163134
median_owner_home_USD,0.05183200485748186,-0.1494903889353814,-0.1380281416248453,0.09379925261509811,0.12789703722654513,1.0,0.7745572280029831,-0.16685627078183488,-0.026899504675039626,0.17017440651431343,-0.036911325955612154,-0.1162900556813087,-0.12210838367795776,-0.08841015322705298,0.20129992041256706,0.15261676990382164,-0.13928133506281679,-0.20849965411156896,-0.15383218543062926,-0.06380144186405605,-0.036485237535763715,0.2625257732919465,-0.0026927856085821977,-0.018202232798732593,0.09210823539715456,-0.0114741937851293,0.11832559526211799,0.24815862423111165,-0.23561862740951367,-0.1998406941595178,-0.016646176507874644,0.14877530857760166
median_sale_homes_USD,0.09249523702989451,-0.08477212181648527,-0.06264752568430208,0.03458497109221181,0.06579566636169867,0.7745572280029831,1.0,-0.12435864601335381,-0.0022229473659831993,0.13709716540585273,-0.03469985695253191,-0.13274280841568464,-0.07482430956370421,-0.06144804550600083,0.1740694075014254,0.14545818132979596,-0.08076766493111937,-0.21495685578963988,-0.15977475078427436,-0.03257032245157491,-0.016224290323269372,0.19058303355296824,0.02998521173751326,-0.0816835268121012,0.03156124814592601,-0.030056202232497966,0.03418007910976367,0.14751650630576624,-0.13042588824690463,-0.1699712346317583,-0.01188303533446602,0.12056195481180329
house_income_gt30_USD_%,0.15377368875452127,0.1834648517672885,0.37034575697310984,-0.3189818496808915,-0.24513669244286085,-0.16685627078183488,-0.12435864601335381,1.0,0.0979712175557314,0.04406372342285115,0.4545327318149894,0.23477568822242043,0.1764802295400194,-0.2934051486936304,-0.5521876435505827,0.15344223623327238,-0.046684217001925425,7.866411936161555e-05,-0.032800503473214664,-0.0823472999063356,-0.017357346092095962,-0.10490718537036894,0.15405572064087142,-0.37974249954994727,-0.5323159069546343,-0.2646524325171327,-0.5286796986371427,-0.2718029905066504,0.25399218192575496,0.17173421457985485,0.23907758224656733,-0.09379109851464891
gross_rent_%,-0.008969287966218148,0.03674958532216792,-0.03663952578563657,-0.006090894876274153,0.11542309943693474,-0.026899504675039626,-0.0022229473659831993,0.0979712175557314,1.0,0.033263667988457465,0.256808853585694,0.09924001627146753,0.033055121499676134,-0.1686993049904619,-0.25858048737454725,0.04823016559214185,0.026246271595301244,0.008945513496190946,-0.03590692038061181,0.005409713722559988,0.09065585449061953,-0.13609544092215473,-0.03772294144074651,0.15517036077317437,0.09255448504360442,0.0366772704012005,0.11044849290581416,-0.06280413393580055,0.08216706402157371,-0.05270440175642345,-0.10703703504897576,-0.0417603955829456
property_val_USD,0.058607703992609526,0.03958380251472004,-0.014431647416964975,-0.02798001851603095,0.10727321438172085,0.17017440651431343,0.13709716540585273,0.04406372342285115,0.033263667988457465,1.0,-0.013875291145350006,0.023001113592306135,0.023874462076748686,-0.03794104806664475,0.003464559412722389,-0.009128489238302824,-0.03327944720848102,0.01443886628876627,-0.024335463036364392,-0.0832088346005687,0.05922393735772165,0.07433465771485419,0.030224548227566185,-0.04601236725853969,-0.07144838221463569,-0.07924943071187947,-0.06642483434834989,-0.013815701388031593,0.014686662606536376,-3.971471355015413e-05,0.0451967174548823,0.03941837725363867
costas%income_wmgage_lt20%_%,0.054992097137834955,0.18474871576411828,-0.1482374808707531,0.1519737574277073,0.0370212760627475,-0.036911325955612154,-0.03469985695253191,0.4545327318149894,0.256808853585694,-0.013875291145350006,1.0,-0.07304340526167047,-0.23983868218125903,-0.32096465017732967,-0.6882407959807718,0.24985587596416955,0.10444809966938563,-0.09055033361318017,-0.06680234031764817,-0.14167396154802364,-0.08145320675470064,-0.24132979080422695,-0.07909428708359781,-0.01948316000201306,0.23590065675287214,0.0655158267226171,0.20215611156096422,0.12889481325207064,-0.11069014092156236,-0.17170348968273383,-0.09194639219347225,0.013885073204107805
costas%income_wmgage_20to25%_%,0.19944469010817922,0.20776259775322584,-0.04437845366194894,0.05058907486902838,-0.009073611117813208,-0.1162900556813087,-0.13274280841568464,0.23477568822242043,0.09924001627146753,0.023001113592306135,-0.07304340526167047,1.0,-0.12932236847847373,-0.00039340127386292565,-0.4525139469180758,-0.01114322465669404,-0.008523532947328681,0.03895238142341418,-0.037862148653515455,0.13851071624321937,0.011313247011305138,-0.07816471193996043,0.009854394714073766,0.05545270730697834,-0.0040532516023124385,-0.07181043468462778,0.044529876218747586,-0.13306348669850207,0.168221987925672,-0.11260081718539663,-0.07472861327138973,-0.016426748804552468
costas%income_wmgage_25to30%_%,-0.019511324421280063,0.009387712862092537,0.012563975619974117,-0.05081589809347616,0.07772915927595682,-0.12210838367795776,-0.07482430956370421,0.1764802295400194,0.033055121499676134,0.023874462076748686,-0.23983868218125903,-0.12932236847847373,1.0,-0.17116601895233882,-0.11443393092694519,-0.023616103202851842,-0.009254627834987358,0.08689080813869826,0.07502267114309925,-0.1134479563544202,-0.014228797567039864,-0.0015364421284625772,0.023254475734662158,0.014989444158969445,-0.06889039303727414,-0.0323613207733228,-0.050289451790579545,-0.08025254124343582,0.08072962130582056,0.07391089211581671,-0.04816543699841704,-0.0137020930182384
costas%income_wmgage_30to35%_%,0.050334075143154924,0.04650499223987039,0.06749364052717242,-0.03561299445652596,-0.08772840996329653,-0.08841015322705298,-0.06144804550600083,-0.2934051486936304,-0.1686993049904619,-0.03794104806664475,-0.32096465017732967,-0.00039340127386292565,-0.17116601895233882,1.0,-0.006131657363736315,-0.17067862801777933,0.02951238932385755,0.08065375533186524,0.14421529231717972,-0.04587955480410472,0.01089761131109661,0.08728148877156643,-0.036740284607340065,0.001268416564693616,-0.059910225632282994,-0.050323362815834195,-0.06537359193003368,-0.0838363534253284,0.08554929468899941,0.03264776690385674,0.06425516933924512,0.027812314937365305
costas%income_wmgage_gt35%_%,-0.1819854964443639,-0.32703127651419717,0.1374400922693004,-0.13887435383372446,-0.03344139079728583,0.20129992041256706,0.1740694075014254,-0.5521876435505827,-0.25858048737454725,0.003464559412722389,-0.6882407959807718,-0.4525139469180758,-0.11443393092694519,-0.006131657363736315,1.0,-0.1577524415086544,-0.10426644467763072,-0.009808561780548066,-0.007893940332477896,0.13231071704931627,0.0757831085165779,0.24770857537758206,0.07452151796992047,-0.02137584705526547,-0.17037233085207568,0.014186053313316252,-0.17282531591379002,0.025719671153354752,-0.06516258444009232,0.18408579138169107,0.13220880770599014,-0.009191444120560293
costas%income_womgage_lt10%_%,-0.12116018864617083,-0.09156315430353192,-0.11657505138597536,0.059301094006751466,0.1816466918894359,0.15261676990382164,0.14545818132979596,0.15344223623327238,0.04823016559214185,-0.009128489238302824,0.24985587596416955,-0.01114322465669404,-0.023616103202851842,-0.17067862801777933,-0.1577524415086544,1.0,-0.3902933296459617,-0.2748392367553401,-0.2799932877406015,-0.2984343763089732,-0.24003148410771755,-0.37772713510960526,-0.11750231962303098,0.09731629079421654,0.14576303871431362,0.06862055320070701,0.1288467238125931,0.15039474904879957,-0.13453934620088986,-0.1265877118576401,-0.11905119040161918,0.08851108823980317
costas%income_womgage_10to15%_%,0.09455765023711968,0.16834895437305794,-0.03925754877767814,0.08298067372400407,-0.0867314857509376,-0.13928133506281679,-0.08076766493111937,-0.046684217001925425,0.026246271595301244,-0.03327944720848102,0.10444809966938563,-0.008523532947328681,-0.009254627834987358,0.02951238932385755,-0.10426644467763072,-0.3902933296459617,1.0,-0.2394416949351962,0.04126524499924986,0.0049054498467815165,-0.006588681412018334,-0.2872008472040653,-0.013172232323820551,-0.04446020242994153,0.08635060739671178,0.04059223684714057,0.08331532545352026,0.0033883708762057394,-0.0035118916957146123,0.008014758531766234,-0.017807727012129883,0.0028819046848512
costas%income_womgage_15to20%_%,-0.03264721177998515,-0.019214436079111944,-0.04187065223752119,0.03817711287445319,0.0158471505269725,-0.20849965411156896,-0.21495685578963988,7.866411936161555e-05,0.008945513496190946,0.01443886628876627,-0.09055033361318017,0.03895238142341418,0.08689080813869826,0.08065375533186524,-0.009808561780548066,-0.2748392367553401,-0.2394416949351962,1.0,-0.10615226148488698,-0.10753038096930041,-0.05663725913494812,-0.05648457528001035,-0.032782790676495296,0.007060204296531571,-0.029393924037931726,0.016055251452775143,-0.04210917602044445,-0.12856847866412924,0.12627624243858993,0.07827559804782057,0.04674989611753717,-0.026974409765977002
costas%income_womgage_20to25%_%,-0.002544651400323503,0.07696810521605096,0.14134807306038938,-0.09517639437534572,-0.1627564956929204,-0.15383218543062926,-0.15977475078427436,-0.032800503473214664,-0.03590692038061181,-0.024335463036364392,-0.06680234031764817,-0.037862148653515455,0.07502267114309925,0.14421529231717972,-0.007893940332477896,-0.2799932877406015,0.04126524499924986,-0.10615226148488698,1.0,-0.10910620933299708,-0.14747018039914744,-0.027598557781600037,0.03362898301596288,0.06921467325560518,-0.05129924994166361,-0.08363188833519414,-0.03606991787085457,-0.038081579951117224,0.03751869554762654,0.003023697046254665,-0.014716308346443907,-0.08417518254795407
costas%income_womgage_25to30%_%,0.10942380655218302,0.06667395569800796,0.018456447810089694,-0.013460528305592965,-0.017639864521102847,-0.06380144186405605,-0.03257032245157491,-0.0823472999063356,0.005409713722559988,-0.0832088346005687,-0.14167396154802364,0.13851071624321937,-0.1134479563544202,-0.04587955480410472,0.13231071704931627,-0.2984343763089732,0.0049054498467815165,-0.10753038096930041,-0.10910620933299708,1.0,0.077049512395782,-0.04185889446367054,0.06441439456098086,-0.08708202517528393,-0.04472520494857506,0.04008402974700619,-0.04518007711225398,-0.017764219748143854,0.009531297808748803,0.02085642358586689,0.09792820711908412,-0.005369079019082142
costas%income_womgage_30to35%_%,0.11943248155060938,0.0734561116857539,0.054734454543467016,-0.05366498051847561,-0.015147724055731383,-0.036485237535763715,-0.016224290323269372,-0.017357346092095962,0.09065585449061953,0.05922393735772165,-0.08145320675470064,0.011313247011305138,-0.014228797567039864,0.01089761131109661,0.0757831085165779,-0.24003148410771755,-0.006588681412018334,-0.05663725913494812,-0.14747018039914744,0.077049512395782,1.0,-0.03187321627429408,0.19899600106965656,-0.07376780789306021,-0.11406934019413184,-0.12129737249481028,-0.10651897900521151,-0.11888189103875856,0.10680748325227613,0.09650612438175814,0.09588988414197903,-0.06896257709716572
costas%income_womgage_gt35%_%,-0.013423159123333368,-0.15185551113561815,0.1273145932235883,-0.11729573712760241,-0.0740194594870725,0.2625257732919465,0.19058303355296824,-0.10490718537036894,-0.13609544092215473,0.07433465771485419,-0.24132979080422695,-0.07816471193996043,-0.0015364421284625772,0.08728148877156643,0.24770857537758206,-0.37772713510960526,-0.2872008472040653,-0.05648457528001035,-0.027598557781600037,-0.04185889446367054,-0.03187321627429408,1.0,0.06110066661222929,-0.060995322166010016,-0.17015914927077147,-0.07180926080508816,-0.14261555134687381,-0.021660232098996205,0.010970566888783537,0.051548992407505614,0.05970258501068275,-0.022089063185589904
homeless_Shelters_per_1000,0.06463699986501778,0.050762453136477245,0.19875001462115277,-0.1539031729033781,-0.17176085031401617,-0.0026927856085821977,0.02998521173751326,0.15405572064087142,-0.03772294144074651,0.030224548227566185,-0.07909428708359781,0.009854394714073766,0.023254475734662158,-0.036740284607340065,0.07452151796992047,-0.11750231962303098,-0.013172232323820551,-0.032782790676495296,0.03362898301596288,0.06441439456098086,0.19899600106965656,0.06110066661222929,1.0,-0.25082797090226244,-0.32227774574860296,-0.19862467676479764,-0.3353800767127891,-0.17149397463290317,0.15960218446134447,0.1154905579510938,0.13639938315468753,-0.06891952441850531
moved_lastyear_%,-0.15524129778840323,-0.12082915780141573,-0.31318065459149413,0.2383007819289138,0.28149554332916726,-0.018202232798732593,-0.0816835268121012,-0.37974249954994727,0.15517036077317437,-0.04601236725853969,-0.01948316000201306,0.05545270730697834,0.014989444158969445,0.001268416564693616,-0.02137584705526547,0.09731629079421654,-0.04446020242994153,0.007060204296531571,0.06921467325560518,-0.08708202517528393,-0.07376780789306021,-0.060995322166010016,-0.25082797090226244,1.0,0.5892705063064405,0.27629593915510225,0.665245509756147,0.28990267459231683,-0.27081222706247043,-0.22267779671747587,-0.28160594260614735,-0.019095779999196778
renter_occupied_%,-0.11830281849884293,-0.007267317070802636,-0.6094839083938818,0.523618595656371,0.3992939188829779,0.09210823539715456,0.03156124814592601,-0.5323159069546343,0.09255448504360442,-0.07144838221463569,0.23590065675287214,-0.0040532516023124385,-0.06889039303727414,-0.059910225632282994,-0.17037233085207568,0.14576303871431362,0.08635060739671178,-0.029393924037931726,-0.05129924994166361,-0.04472520494857506,-0.11406934019413184,-0.17015914927077147,-0.32227774574860296,0.5892705063064405,1.0,0.43239471219667314,0.9528766951424036,0.5766490582424372,-0.5320217889074419,-0.45581826909216977,-0.47200858619793506,0.1345181166804602
vacant_rentals_%,-0.11237415306149687,-0.08043668111888301,-0.28077724134292914,0.22592450403331799,0.2306780620660084,-0.0114741937851293,-0.030056202232497966,-0.2646524325171327,0.0366772704012005,-0.07924943071187947,0.0655158267226171,-0.07181043468462778,-0.0323613207733228,-0.050323362815834195,0.014186053313316252,0.06862055320070701,0.04059223684714057,0.016055251452775143,-0.08363188833519414,0.04008402974700619,-0.12129737249481028,-0.07180926080508816,-0.19862467676479764,0.27629593915510225,0.43239471219667314,1.0,0.424490506945181,0.3765287934515679,-0.36633913843925603,-0.25163572143479795,-0.16675644138484866,0.04947568149255149
owner_homes_%,-0.09641151066614947,-0.009840341066963637,-0.5947237422489225,0.5073679618461968,0.395875450290558,0.11832559526211799,0.03418007910976367,-0.5286796986371427,0.11044849290581416,-0.06642483434834989,0.20215611156096422,0.044529876218747586,-0.050289451790579545,-0.06537359193003368,-0.17282531591379002,0.1288467238125931,0.08331532545352026,-0.04210917602044445,-0.03606991787085457,-0.04518007711225398,-0.10651897900521151,-0.14261555134687381,-0.3353800767127891,0.665245509756147,0.9528766951424036,0.424490506945181,1.0,0.5645854899497867,-0.515389685957626,-0.4582107596710036,-0.48879846800633076,0.1619743354266018
occ_lt0.5_%,-0.024647684558579484,0.03413056032493329,-0.20144604282177445,0.18101353484333857,0.11592745235559132,0.24815862423111165,0.14751650630576624,-0.2718029905066504,-0.06280413393580055,-0.013815701388031593,0.12889481325207064,-0.13306348669850207,-0.08025254124343582,-0.0838363534253284,0.025719671153354752,0.15039474904879957,0.0033883708762057394,-0.12856847866412924,-0.038081579951117224,-0.017764219748143854,-0.11888189103875856,-0.021660232098996205,-0.17149397463290317,0.28990267459231683,0.5766490582424372,0.3765287934515679,0.5645854899497867,1.0,-0.986990707575356,-0.5391740604056453,-0.45730895920437026,0.1915359561515018
occ_0.5to1.0_%,0.05523309540430899,-0.01075628539864425,0.16192063713318516,-0.14477503972809921,-0.09592328297432769,-0.23561862740951367,-0.13042588824690463,0.25399218192575496,0.08216706402157371,0.014686662606536376,-0.11069014092156236,0.168221987925672,0.08072962130582056,0.08554929468899941,-0.06516258444009232,-0.13453934620088986,-0.0035118916957146123,0.12627624243858993,0.03751869554762654,0.009531297808748803,0.10680748325227613,0.010970566888783537,0.15960218446134447,-0.27081222706247043,-0.5320217889074419,-0.36633913843925603,-0.515389685957626,-0.986990707575356,1.0,0.41918827408955195,0.3721417991561284,-0.12787092512494372
occ_1.01to1.5_%,-0.21610470076606111,-0.18557071226901725,0.28314988334621005,-0.2603548005072876,-0.14606187804090584,-0.1998406941595178,-0.1699712346317583,0.17173421457985485,-0.05270440175642345,-3.971471355015413e-05,-0.17170348968273383,-0.11260081718539663,0.07391089211581671,0.03264776690385674,0.18408579138169107,-0.1265877118576401,0.008014758531766234,0.07827559804782057,0.003023697046254665,0.02085642358586689,0.09650612438175814,0.051548992407505614,0.1154905579510938,-0.22267779671747587,-0.45581826909216977,-0.25163572143479795,-0.4582107596710036,-0.5391740604056453,0.41918827408955195,1.0,0.3967604612390416,-0.08758475384647126
occ_1.51to2.0_%,0.012316546017611004,-0.04594994798993853,0.19725120754203224,-0.17999200202217314,-0.10130002447061924,-0.016646176507874644,-0.01188303533446602,0.23907758224656733,-0.10703703504897576,0.0451967174548823,-0.09194639219347225,-0.07472861327138973,-0.04816543699841704,0.06425516933924512,0.13220880770599014,-0.11905119040161918,-0.017807727012129883,0.04674989611753717,-0.014716308346443907,0.09792820711908412,0.09588988414197903,0.05970258501068275,0.13639938315468753,-0.28160594260614735,-0.47200858619793506,-0.16675644138484866,-0.48879846800633076,-0.45730895920437026,0.3721417991561284,0.3967604612390416,1.0,-0.12588386841869656
occ_gt2.01_%,-0.0444491574607678,-0.05014414457740369,-0.10404488825090823,0.08820987977146319,0.06891177057163134,0.14877530857760166,0.12056195481180329,-0.09379109851464891,-0.0417603955829456,0.03941837725363867,0.013885073204107805,-0.016426748804552468,-0.0137020930182384,0.027812314937365305,-0.009191444120560293,0.08851108823980317,0.0028819046848512,-0.026974409765977002,-0.08417518254795407,-0.005369079019082142,-0.06896257709716572,-0.022089063185589904,-0.06891952441850531,-0.019095779999196778,0.1345181166804602,0.04947568149255149,0.1619743354266018,0.1915359561515018,-0.12787092512494372,-0.08758475384647126,-0.12588386841869656,1.0
